Script started on Fri Apr 17 16:07:24 2020
sbpsvrsp262:cbatth49: iostat -xntpz 2 | perl -ane 'print localtime()." $_" if /c[67].*s2/;'
Fri Apr 17 16:07:25 2020   120.6   71.7  350.2  224.8  0.0  0.1    0.0    0.7   0   8 c7t50060E8016062E15d0s2
Fri Apr 17 16:07:27 2020   974.1  270.1 1161.4  604.4  0.0  0.8    0.0    0.7   1  57 c7t50060E8016062E15d0s2
Fri Apr 17 16:07:29 2020  1055.8  359.6 1258.4  738.0  0.0  0.7    0.0    0.5   1  54 c7t50060E8016062E15d0s2
Fri Apr 17 16:07:31 2020   993.5  313.5 1311.5  710.2  0.0  0.7    0.0    0.5   1  48 c7t50060E8016062E15d0s2
Fri Apr 17 16:07:33 2020  1033.5  279.5 1221.5  603.0  0.0  0.6    0.0    0.5   1  45 c7t50060E8016062E15d0s2
Fri Apr 17 16:07:35 2020   902.5  262.0 1061.5  547.0  0.0  0.6    0.0    0.5   1  44 c7t50060E8016062E15d0s2
Fri Apr 17 16:07:37 2020   849.5  287.0  971.5  586.8  0.0  0.6    0.0    0.5   0  43 c7t50060E8016062E15d0s2
Fri Apr 17 16:07:39 2020   737.5  243.5  801.5  506.5  0.0  0.5    0.0    0.5   0  38 c7t50060E8016062E15d0s2
Fri Apr 17 16:07:41 2020    43.5  200.0   51.5  335.0  0.0  0.1    0.0    0.3   0   5 c7t50060E8016062E15d0s2
Fri Apr 17 16:07:43 2020   654.5  260.5  763.0  500.7  0.0  0.4    0.0    0.5   0  31 c7t50060E8016062E15d0s2
Fri Apr 17 16:07:45 2020   765.5  277.0  986.0  617.2  0.0  0.5    0.0    0.5   0  38 c7t50060E8016062E15d0s2
Fri Apr 17 16:07:47 2020   672.0  293.0  859.0  648.7  0.0  0.5    0.0    0.5   0  37 c7t50060E8016062E15d0s2
Fri Apr 17 16:07:49 2020   491.5  278.5  635.5  607.0  0.0  0.4    0.0    0.5   0  27 c7t50060E8016062E15d0s2
Fri Apr 17 16:07:51 2020   349.0  332.0  404.0  701.3  0.0  0.3    0.0    0.4   0  21 c7t50060E8016062E15d0s2
Fri Apr 17 16:07:53 2020   379.0  289.5  431.0  633.7  0.0  0.3    0.0    0.4   0  24 c7t50060E8016062E15d0s2
Fri Apr 17 16:07:55 2020  1295.0  231.0 1485.0  526.5  0.0  0.7    0.0    0.5   1  54 c7t50060E8016062E15d0s2
Fri Apr 17 16:07:57 2020  1244.5  300.8 1440.4  654.5  0.0  0.9    0.0    0.6   1  62 c7t50060E8016062E15d0s2
Fri Apr 17 16:07:59 2020  1149.4  348.8 1347.5  765.6  0.2  1.0    0.1    0.6   1  57 c7t50060E8016062E15d0s2
Fri Apr 17 16:08:01 2020  1178.5  235.5 1385.5  532.0  0.0  0.8    0.0    0.5   1  54 c7t50060E8016062E15d0s2
Fri Apr 17 16:08:03 2020  1195.5  256.5 1400.0  562.0  0.0  0.8    0.0    0.5   1  55 c7t50060E8016062E15d0s2
Fri Apr 17 16:08:05 2020  1499.5  299.0 1743.5  642.5  0.0  0.8    0.0    0.4   1  55 c7t50060E8016062E15d0s2
Fri Apr 17 16:08:07 2020  1426.5  232.0 1690.0  545.0  0.0  0.7    0.0    0.4   1  52 c7t50060E8016062E15d0s2
Fri Apr 17 16:08:09 2020  1293.5  291.5 1509.0  671.0  0.0  0.7    0.0    0.5   1  52 c7t50060E8016062E15d0s2
Fri Apr 17 16:08:11 2020  1306.5  317.0 1581.0  710.0  0.0  0.8    0.0    0.5   1  58 c7t50060E8016062E15d0s2
Fri Apr 17 16:08:13 2020  1328.0  266.5 1600.0  607.0  0.0  0.8    0.0    0.5   1  56 c7t50060E8016062E15d0s2
Fri Apr 17 16:08:15 2020  1226.5  303.5 1530.5  635.7  0.0  0.8    0.0    0.5   1  53 c7t50060E8016062E15d0s2
Fri Apr 17 16:08:17 2020  1158.0  299.5 1419.5  631.8  0.0  0.8    0.0    0.6   1  58 c7t50060E8016062E15d0s2
Fri Apr 17 16:08:19 2020  1108.5  269.5 1454.5  593.0  0.0  0.7    0.0    0.5   1  52 c7t50060E8016062E15d0s2
Fri Apr 17 16:08:21 2020   999.0  311.5 1444.5  650.5  0.0  0.7    0.0    0.5   1  50 c7t50060E8016062E15d0s2
Fri Apr 17 16:08:23 2020  1054.0  331.5 1469.5  726.0  0.0  0.7    0.0    0.5   1  48 c7t50060E8016062E15d0s2
Fri Apr 17 16:08:25 2020  1232.5  290.0 1502.0  663.3  0.0  0.7    0.0    0.5   1  53 c7t50060E8016062E15d0s2
Fri Apr 17 16:08:27 2020  1219.0  352.0 1421.0  829.0  0.0  0.7    0.0    0.4   1  50 c7t50060E8016062E15d0s2
Fri Apr 17 16:08:29 2020  1037.5  390.0 1256.0  909.8  0.0  0.6    0.0    0.5   1  45 c7t50060E8016062E15d0s2
Fri Apr 17 16:08:31 2020  1026.0  331.5 1190.0  748.5  0.0  0.6    0.0    0.4   1  45 c7t50060E8016062E15d0s2
Fri Apr 17 16:08:33 2020  1002.0  275.0 1260.5  673.0  0.0  0.6    0.0    0.5   1  47 c7t50060E8016062E15d0s2
Fri Apr 17 16:08:35 2020  1225.0  274.0 1483.5  662.8  0.0  0.9    0.0    0.6   1  60 c7t50060E8016062E15d0s2
Fri Apr 17 16:08:37 2020  1222.0  295.5 1478.5  676.7  0.0  0.8    0.0    0.5   1  56 c7t50060E8016062E15d0s2
Fri Apr 17 16:08:39 2020  1203.9  295.5 1546.4  654.2  0.0  0.8    0.0    0.5   1  55 c7t50060E8016062E15d0s2
Fri Apr 17 16:08:41 2020  1008.1  255.0 1424.6  650.6  0.0  0.7    0.0    0.6   1  50 c7t50060E8016062E15d0s2
Fri Apr 17 16:08:43 2020  1109.0  310.5 1442.5  719.0  0.0  0.6    0.0    0.5   1  47 c7t50060E8016062E15d0s2
Fri Apr 17 16:08:45 2020   880.0  350.5 1196.0  817.5  0.0  0.6    0.0    0.5   0  47 c7t50060E8016062E15d0s2
Fri Apr 17 16:08:47 2020  1186.5  343.5 1502.5  814.2  0.0  0.8    0.0    0.5   1  53 c7t50060E8016062E15d0s2
Fri Apr 17 16:08:49 2020  1375.5  300.5 1725.5  680.0  0.0  0.8    0.0    0.5   1  58 c7t50060E8016062E15d0s2
Fri Apr 17 16:08:51 2020  1237.5  389.5 1600.0  851.3  0.0  0.8    0.0    0.5   1  55 c7t50060E8016062E15d0s2
Fri Apr 17 16:08:53 2020  1192.0  352.0 1481.5  753.8  0.0  0.7    0.0    0.5   1  53 c7t50060E8016062E15d0s2
Fri Apr 17 16:08:55 2020  1097.0  248.5 1436.5  590.5  0.0  0.7    0.0    0.6   1  53 c7t50060E8016062E15d0s2
Fri Apr 17 16:08:57 2020   900.5  327.5 1199.5  704.2  0.0  0.6    0.0    0.5   1  48 c7t50060E8016062E15d0s2
Fri Apr 17 16:08:59 2020  1075.0  378.5 1385.5  809.0  0.0  0.8    0.0    0.5   1  55 c7t50060E8016062E15d0s2
Fri Apr 17 16:09:01 2020  1009.0  303.5 1291.5  658.0  0.0  0.7    0.0    0.5   1  48 c7t50060E8016062E15d0s2
Fri Apr 17 16:09:03 2020  1156.0  269.5 1526.5  654.7  0.0  0.7    0.0    0.5   1  48 c7t50060E8016062E15d0s2
Fri Apr 17 16:09:05 2020  1112.0  255.0 1406.5  609.0  0.0  0.6    0.0    0.5   1  47 c7t50060E8016062E15d0s2
Fri Apr 17 16:09:07 2020  1164.0  297.0 1484.5  663.3  0.0  0.7    0.0    0.5   1  49 c7t50060E8016062E15d0s2
Fri Apr 17 16:09:09 2020  1164.7  292.9 1580.7  677.1  0.0  0.7    0.0    0.5   1  50 c7t50060E8016062E15d0s2
Fri Apr 17 16:09:11 2020  1060.2  281.6 1388.8  653.4  0.0  0.7    0.0    0.5   1  48 c7t50060E8016062E15d0s2
Fri Apr 17 16:09:13 2020  1095.5  272.5 1410.0  627.8  0.0  0.7    0.0    0.5   1  49 c7t50060E8016062E15d0s2
Fri Apr 17 16:09:15 2020  1177.5  262.0 1480.0  648.5  0.0  0.8    0.0    0.6   1  58 c7t50060E8016062E15d0s2
Fri Apr 17 16:09:17 2020  1350.5  288.5 1746.5  714.5  0.0  0.8    0.0    0.5   1  56 c7t50060E8016062E15d0s2
Fri Apr 17 16:09:19 2020  1300.0  288.5 1641.0  694.5  0.0  0.7    0.0    0.4   1  51 c7t50060E8016062E15d0s2
Fri Apr 17 16:09:21 2020  1105.0  349.5 1368.0  791.0  0.0  0.6    0.0    0.4   1  46 c7t50060E8016062E15d0s2
Fri Apr 17 16:09:23 2020  1011.0  325.0 1367.0  744.8  0.0  0.7    0.0    0.5   1  50 c7t50060E8016062E15d0s2
Fri Apr 17 16:09:25 2020  1134.5  255.0 1495.5  664.0  0.0  0.8    0.0    0.6   1  55 c7t50060E8016062E15d0s2
Fri Apr 17 16:09:27 2020  1236.0  298.0 1533.5  654.5  0.0  0.8    0.0    0.5   1  56 c7t50060E8016062E15d0s2
Fri Apr 17 16:09:29 2020  1100.5  306.0 1449.5  660.0  0.0  0.7    0.0    0.5   1  51 c7t50060E8016062E15d0s2
Fri Apr 17 16:09:31 2020   991.0  246.0 1301.0  621.0  0.0  0.7    0.0    0.5   0  49 c7t50060E8016062E15d0s2
Fri Apr 17 16:09:33 2020  1213.0  301.0 1545.5  692.5  0.0  0.7    0.0    0.5   1  53 c7t50060E8016062E15d0s2
Fri Apr 17 16:09:35 2020  1271.5  259.5 1656.0  659.2  0.0  0.7    0.0    0.5   1  53 c7t50060E8016062E15d0s2
Fri Apr 17 16:09:37 2020  1188.0  282.5 1491.0  687.5  0.0  0.7    0.0    0.5   1  47 c7t50060E8016062E15d0s2
Fri Apr 17 16:09:39 2020  1445.5  283.5 1844.0  684.0  0.0  0.8    0.0    0.4   1  54 c7t50060E8016062E15d0s2
Fri Apr 17 16:09:41 2020  1246.0  272.5 1622.5  667.0  0.0  0.7    0.0    0.4   1  48 c7t50060E8016062E15d0s2
Fri Apr 17 16:09:43 2020  1081.0  298.0 1507.0  680.5  0.0  0.7    0.0    0.5   1  47 c7t50060E8016062E15d0s2
Fri Apr 17 16:09:45 2020  1113.5  342.0 1512.0  932.5  0.0  0.7    0.0    0.5   1  51 c7t50060E8016062E15d0s2
Fri Apr 17 16:09:47 2020  1146.5  327.5 1605.0  704.5  0.0  0.7    0.0    0.5   1  50 c7t50060E8016062E15d0s2
Fri Apr 17 16:09:49 2020  1263.0  347.5 1707.5  754.5  0.0  0.8    0.0    0.5   1  56 c7t50060E8016062E15d0s2
Fri Apr 17 16:09:51 2020  1057.0  321.0 1486.0  736.0  0.0  0.7    0.0    0.5   1  50 c7t50060E8016062E15d0s2
Fri Apr 17 16:09:53 2020  1373.0  326.0 1688.0  756.0  0.0  0.7    0.0    0.4   1  53 c7t50060E8016062E15d0s2
Fri Apr 17 16:09:55 2020  1116.5  268.5 1480.0  636.5  0.0  0.6    0.0    0.4   1  43 c7t50060E8016062E15d0s2
Fri Apr 17 16:09:57 2020  1141.5  292.5 1475.0  686.3  0.0  0.6    0.0    0.4   1  44 c7t50060E8016062E15d0s2
Fri Apr 17 16:09:59 2020  1114.5  321.0 1603.0  754.5  0.0  0.6    0.0    0.4   1  45 c7t50060E8016062E15d0s2
Fri Apr 17 16:10:01 2020  1166.5  296.0 1502.0  672.0  0.0  0.8    0.0    0.5   1  54 c7t50060E8016062E15d0s2
Fri Apr 17 16:10:03 2020   928.5  247.5 1366.5  554.2  0.0  0.7    0.0    0.6   0  45 c7t50060E8016062E15d0s2
Fri Apr 17 16:10:05 2020  1211.5  271.5 1632.5  659.0  0.0  0.7    0.0    0.5   1  51 c7t50060E8016062E15d0s2
^Csbpsvrsp262:cbatth50:  iostat -xntpz 2 | perl -ane 'print localtime()." $_" if /c[6789].*s2/;'
Fri Apr 17 16:10:07 2020   120.7   71.7  350.2  224.8  0.0  0.1    0.0    0.7   0   8 c7t50060E8016062E15d0s2
Fri Apr 17 16:10:07 2020   120.5   71.6  349.9  224.9  0.0  0.1    0.0    0.7   0   8 c8t50060E8016062E04d0s2
Fri Apr 17 16:10:09 2020  1196.2  312.0 1638.5  736.9  0.0  0.8    0.0    0.5   1  53 c7t50060E8016062E15d0s2
Fri Apr 17 16:10:09 2020  1260.6  324.5 1704.4  754.8  0.0  0.7    0.0    0.5   1  51 c8t50060E8016062E04d0s2
Fri Apr 17 16:10:11 2020  1109.3  301.6 1493.9  788.5  0.0  0.7    0.0    0.5   1  49 c7t50060E8016062E15d0s2
Fri Apr 17 16:10:11 2020  1129.3  309.6 1516.9  759.2  0.0  0.7    0.0    0.5   1  48 c8t50060E8016062E04d0s2
Fri Apr 17 16:10:13 2020  1161.4  309.0 1439.3  745.9  0.0  0.7    0.0    0.5   1  50 c7t50060E8016062E15d0s2
Fri Apr 17 16:10:13 2020  1250.3  325.0 1553.8  731.4  0.0  0.7    0.0    0.4   1  49 c8t50060E8016062E04d0s2
Fri Apr 17 16:10:15 2020  1230.1  301.5 1624.7  714.1  0.0  0.7    0.0    0.5   1  53 c7t50060E8016062E15d0s2
Fri Apr 17 16:10:15 2020  1216.6  301.0 1610.2  693.6  0.0  0.7    0.0    0.5   1  51 c8t50060E8016062E04d0s2
Fri Apr 17 16:10:17 2020  1374.5  289.5 1664.0  697.5  0.0  0.7    0.0    0.4   1  53 c7t50060E8016062E15d0s2
Fri Apr 17 16:10:17 2020  1309.0  304.5 1565.0  704.5  0.0  0.8    0.0    0.5   1  56 c8t50060E8016062E04d0s2
Fri Apr 17 16:10:19 2020  1206.0  302.0 1435.0  685.0  0.0  0.6    0.0    0.4   1  46 c7t50060E8016062E15d0s2
Fri Apr 17 16:10:19 2020  1075.5  312.5 1314.0  697.3  0.0  0.7    0.0    0.5   1  48 c8t50060E8016062E04d0s2
Fri Apr 17 16:10:21 2020  1173.0  343.0 1502.5  777.3  0.0  0.7    0.0    0.4   1  48 c7t50060E8016062E15d0s2
Fri Apr 17 16:10:21 2020  1033.0  314.5 1321.5  738.3  0.0  0.7    0.0    0.5   1  50 c8t50060E8016062E04d0s2
Fri Apr 17 16:10:23 2020  1036.0  317.0 1353.0  723.0  0.0  0.6    0.0    0.5   1  47 c7t50060E8016062E15d0s2
Fri Apr 17 16:10:23 2020  1018.5  308.0 1320.5  705.0  0.0  0.7    0.0    0.5   1  49 c8t50060E8016062E04d0s2
Fri Apr 17 16:10:25 2020  1172.0  269.0 1501.5  660.0  0.0  0.7    0.0    0.5   1  50 c7t50060E8016062E15d0s2
Fri Apr 17 16:10:25 2020  1138.5  268.5 1400.0  629.8  0.0  0.7    0.0    0.5   1  51 c8t50060E8016062E04d0s2
Fri Apr 17 16:10:27 2020  1122.5  299.5 1427.0  723.0  0.0  0.8    0.0    0.5   1  54 c7t50060E8016062E15d0s2
Fri Apr 17 16:10:27 2020  1211.0  282.5 1524.0  676.7  0.0  0.7    0.0    0.5   1  51 c8t50060E8016062E04d0s2
Fri Apr 17 16:10:29 2020  1148.5  271.0 1412.0  726.5  0.0  0.7    0.0    0.5   1  52 c7t50060E8016062E15d0s2
Fri Apr 17 16:10:29 2020  1234.0  321.5 1578.5  822.5  0.0  0.7    0.0    0.4   1  49 c8t50060E8016062E04d0s2
Fri Apr 17 16:10:31 2020  1215.5  275.5 1585.0  670.5  0.0  0.8    0.0    0.5   1  54 c7t50060E8016062E15d0s2
Fri Apr 17 16:10:31 2020  1289.5  313.0 1622.0  726.5  0.0  0.7    0.0    0.4   1  51 c8t50060E8016062E04d0s2
Fri Apr 17 16:10:33 2020  1051.0  238.0 1433.0  577.0  0.0  0.6    0.0    0.5   1  46 c7t50060E8016062E15d0s2
Fri Apr 17 16:10:33 2020  1131.5  263.0 1543.5  640.8  0.0  0.6    0.0    0.5   1  46 c8t50060E8016062E04d0s2
Fri Apr 17 16:10:35 2020  1134.5  263.0 1487.5  612.0  0.0  0.7    0.0    0.5   1  49 c7t50060E8016062E15d0s2
Fri Apr 17 16:10:35 2020  1194.5  297.0 1584.5  684.5  0.0  0.6    0.0    0.4   1  49 c8t50060E8016062E04d0s2
Fri Apr 17 16:10:37 2020  1178.0  321.5 1514.0  712.3  0.0  0.7    0.0    0.5   1  50 c7t50060E8016062E15d0s2
Fri Apr 17 16:10:37 2020  1059.0  284.0 1371.0  584.3  0.0  0.7    0.0    0.5   1  50 c8t50060E8016062E04d0s2
Fri Apr 17 16:10:39 2020  1026.5  313.5 1513.0  723.0  0.0  0.6    0.0    0.5   1  46 c7t50060E8016062E15d0s2
Fri Apr 17 16:10:39 2020   965.5  321.0 1441.5  731.0  0.0  0.7    0.0    0.5   1  49 c8t50060E8016062E04d0s2
Fri Apr 17 16:10:41 2020  1140.5  282.5 1595.4  687.0  0.0  0.6    0.0    0.4   1  44 c7t50060E8016062E15d0s2
Fri Apr 17 16:10:41 2020  1059.0  290.0 1525.4  687.0  0.0  0.7    0.0    0.5   1  47 c8t50060E8016062E04d0s2
Fri Apr 17 16:50:11 2020   961.0  406.0 3045.0 1258.7  0.0  1.3    0.0    0.9   1  58 c7t50060E8016062E15d0s2
Fri Apr 17 16:50:11 2020  1000.0  403.5 3042.0 1243.0  0.0  1.3    0.0    0.9   1  57 c8t50060E8016062E04d0s2
Fri Apr 17 16:50:13 2020  1826.5  519.5 5972.4 1638.7  0.0  2.2    0.0    0.9   1  92 c7t50060E8016062E15d0s2
Fri Apr 17 16:50:13 2020  1790.0  502.0 5737.4 1590.7  0.0  2.1    0.0    0.9   1  92 c8t50060E8016062E04d0s2
Fri Apr 17 16:50:15 2020  1757.5  525.5 5732.5 1615.5  0.0  2.1    0.0    0.9   1  93 c7t50060E8016062E15d0s2
Fri Apr 17 16:50:15 2020  1687.0  487.5 5590.5 1378.7  0.0  2.2    0.0    1.0   1  94 c8t50060E8016062E04d0s2
Fri Apr 17 16:50:17 2020  1889.0  579.0 6466.1 1741.0  0.0  2.2    0.0    0.9   1  91 c7t50060E8016062E15d0s2
Fri Apr 17 16:50:17 2020  1781.0  496.5 6271.1 1463.5  0.0  2.2    0.0    1.0   1  93 c8t50060E8016062E04d0s2
Fri Apr 17 16:50:19 2020  1749.0  540.0 6323.4 1683.0  0.0  2.2    0.0    1.0   1  92 c7t50060E8016062E15d0s2
Fri Apr 17 16:50:19 2020  1710.0  517.5 6266.9 1502.7  0.0  2.2    0.0    1.0   1  93 c8t50060E8016062E04d0s2
Fri Apr 17 16:50:21 2020  1881.5  588.0 6772.9 1858.2  0.0  2.1    0.0    0.9   1  92 c7t50060E8016062E15d0s2
Fri Apr 17 16:50:21 2020  1919.0  600.5 7069.9 1910.5  0.0  2.1    0.0    0.8   1  92 c8t50060E8016062E04d0s2
Fri Apr 17 16:50:23 2020  1918.6  579.0 5586.2 1741.8  0.0  2.1    0.0    0.8   1  94 c7t50060E8016062E15d0s2
Fri Apr 17 16:50:23 2020  1930.1  573.0 5685.7 1817.1  0.0  2.1    0.0    0.8   1  94 c8t50060E8016062E04d0s2
Fri Apr 17 16:50:25 2020  1563.0  513.0 2967.0 2755.0  0.0  1.3    0.0    0.6   1  71 c7t50060E8016062E15d0s2
Fri Apr 17 16:50:25 2020  1540.0  526.5 2979.5 2635.0  0.0  1.3    0.0    0.6   1  71 c8t50060E8016062E04d0s2
Fri Apr 17 16:50:27 2020   468.0  812.0 1956.0 6363.1  0.0  0.3    0.0    0.2   1  24 c7t50060E8016062E15d0s2
Fri Apr 17 16:50:27 2020   429.5  759.0 1756.5 6407.6  0.0  0.3    0.0    0.2   1  24 c8t50060E8016062E04d0s2
Fri Apr 17 16:50:29 2020   524.0  968.5 2273.0 7481.2  0.4  0.5    0.2    0.3   1  25 c7t50060E8016062E15d0s2
Fri Apr 17 16:50:29 2020   509.0  923.0 2204.5 7660.0  0.4  0.5    0.3    0.3   1  25 c8t50060E8016062E04d0s2
Fri Apr 17 16:50:31 2020   107.5  368.5  481.5 2262.8  0.0  0.2    0.0    0.4   0   9 c7t50060E8016062E15d0s2
Fri Apr 17 16:50:31 2020   101.0  357.0  474.0 2264.3  0.0  0.2    0.0    0.4   0   9 c8t50060E8016062E04d0s2
Fri Apr 17 16:50:33 2020   392.5  606.5 1695.4 5779.0  0.0  0.3    0.0    0.3   0  16 c7t50060E8016062E15d0s2
Fri Apr 17 16:50:33 2020   425.5  595.5 1944.9 5386.5  0.0  0.3    0.0    0.3   0  16 c8t50060E8016062E04d0s2
Fri Apr 17 16:50:35 2020   611.0  784.0 2687.1 7764.3  0.0  0.3    0.0    0.2   1  24 c7t50060E8016062E15d0s2
Fri Apr 17 16:50:35 2020   579.5  802.5 2511.1 8346.1  0.0  0.3    0.0    0.2   1  23 c8t50060E8016062E04d0s2
Fri Apr 17 16:50:37 2020   460.5  668.0 2083.5 6479.3  0.0  0.3    0.0    0.3   1  19 c7t50060E8016062E15d0s2
Fri Apr 17 16:50:37 2020   477.0  666.5 2194.5 6674.3  0.0  0.3    0.0    0.3   1  19 c8t50060E8016062E04d0s2
Fri Apr 17 16:50:39 2020    12.0  270.5   45.5 1021.8  0.0  0.1    0.0    0.3   0   4 c7t50060E8016062E15d0s2
Fri Apr 17 16:50:39 2020     8.5  273.5   37.5 1077.5  0.0  0.1    0.0    0.3   0   4 c8t50060E8016062E04d0s2
Fri Apr 17 16:50:41 2020   500.0  681.0 2375.9 6951.5  0.0  0.2    0.0    0.2   0  20 c7t50060E8016062E15d0s2
Fri Apr 17 16:50:41 2020   500.0  676.5 2397.9 6893.3  0.0  0.2    0.0    0.2   0  20 c8t50060E8016062E04d0s2
Fri Apr 17 16:50:43 2020   540.0  621.0 2066.0 6520.3  0.0  0.2    0.0    0.2   0  24 c7t50060E8016062E15d0s2
Fri Apr 17 16:50:43 2020   520.0  616.5 2013.5 6564.0  0.0  0.2    0.0    0.2   0  23 c8t50060E8016062E04d0s2
Fri Apr 17 16:50:45 2020   504.0  557.5 2038.0 6063.6  0.0  0.2    0.0    0.2   0  20 c7t50060E8016062E15d0s2
Fri Apr 17 16:50:45 2020   486.0  516.5 1912.0 5876.6  0.0  0.2    0.0    0.2   0  20 c8t50060E8016062E04d0s2
Fri Apr 17 16:50:47 2020    69.5  226.5  466.5 1753.2  0.0  0.1    0.0    0.2   0   6 c7t50060E8016062E15d0s2
Fri Apr 17 16:50:47 2020    80.0  237.5  535.5 1961.4  0.0  0.1    0.0    0.2   0   6 c8t50060E8016062E04d0s2
Fri Apr 17 16:50:49 2020   638.0  593.5 2478.0 7249.8  0.0  0.2    0.0    0.2   0  22 c7t50060E8016062E15d0s2
Fri Apr 17 16:50:49 2020   567.5  580.0 2192.5 6954.1  0.0  0.2    0.0    0.2   0  22 c8t50060E8016062E04d0s2
Fri Apr 17 16:50:51 2020   381.5  500.0 1682.0 5451.7  0.0  0.2    0.0    0.2   0  17 c7t50060E8016062E15d0s2
Fri Apr 17 16:50:51 2020   384.5  474.0 1743.1 5002.1  0.0  0.2    0.0    0.2   0  18 c8t50060E8016062E04d0s2
Fri Apr 17 16:50:53 2020    38.0  118.5  193.0  909.2  0.0  0.1    0.0    0.4   0   3 c7t50060E8016062E15d0s2
Fri Apr 17 16:50:53 2020    42.5  110.0  239.0  879.7  0.0  0.1    0.0    0.4   0   3 c8t50060E8016062E04d0s2
Fri Apr 17 16:50:55 2020   528.5  473.0 2318.0 6078.5  0.0  0.2    0.0    0.2   0  20 c7t50060E8016062E15d0s2
Fri Apr 17 16:50:55 2020   505.5  491.5 2285.5 6113.5  0.0  0.2    0.0    0.2   0  22 c8t50060E8016062E04d0s2
Fri Apr 17 16:50:57 2020   509.5  474.5 2089.0 6360.3  0.0  0.2    0.0    0.2   0  21 c7t50060E8016062E15d0s2
Fri Apr 17 16:50:57 2020   504.5  480.0 2060.0 6197.0  0.0  0.2    0.0    0.2   0  21 c8t50060E8016062E04d0s2
Fri Apr 17 16:50:59 2020   612.5  619.5 2513.5 7080.2  0.1  0.3    0.1    0.3   1  23 c7t50060E8016062E15d0s2
Fri Apr 17 16:50:59 2020   620.0  655.0 2597.0 7676.7  0.2  0.4    0.1    0.3   1  24 c8t50060E8016062E04d0s2
Fri Apr 17 16:51:01 2020   262.0  261.0 1354.0 3294.1  0.0  0.1    0.0    0.2   0  11 c7t50060E8016062E15d0s2
Fri Apr 17 16:51:01 2020   247.5  261.5 1264.0 3597.8  0.0  0.1    0.0    0.2   0  10 c8t50060E8016062E04d0s2
Fri Apr 17 16:51:03 2020     0.0   27.0    0.0  186.5  0.0  0.0    0.0    0.7   0   0 c7t50060E8016062E15d0s2
Fri Apr 17 16:51:03 2020     0.0   32.5    0.0  224.2  0.0  0.0    0.0    0.4   0   0 c8t50060E8016062E04d0s2
Fri Apr 17 16:51:05 2020     0.0   17.5    0.0  125.8  0.0  0.0    0.0    0.4   0   0 c7t50060E8016062E15d0s2
Fri Apr 17 16:51:05 2020     0.0   19.0    0.0  128.8  0.0  0.0    0.0    0.3   0   0 c8t50060E8016062E04d0s2
Fri Apr 17 16:51:07 2020     0.0    8.0    0.0   33.5  0.0  0.0    0.0    0.2   0   0 c7t50060E8016062E15d0s2
Fri Apr 17 16:51:07 2020     0.0    9.0    0.0   33.2  0.0  0.0    0.0    0.4   0   0 c8t50060E8016062E04d0s2
Fri Apr 17 16:51:09 2020     0.0    9.5    0.0   42.8  0.0  0.0    0.0    0.3   0   0 c7t50060E8016062E15d0s2
Fri Apr 17 16:51:09 2020     0.0   12.5    0.0   45.0  0.0  0.0    0.0    0.2   0   0 c8t50060E8016062E04d0s2
Fri Apr 17 16:51:11 2020     0.0   12.0    0.0   85.2  0.0  0.0    0.0    0.3   0   0 c7t50060E8016062E15d0s2
Fri Apr 17 16:51:11 2020     0.0   10.5    0.0   84.0  0.0  0.0    0.0    0.3   0   0 c8t50060E8016062E04d0s2
Fri Apr 17 16:51:13 2020     0.0   17.5    0.0  130.5  0.0  0.0    0.0    0.6   0   0 c7t50060E8016062E15d0s2
Fri Apr 17 16:51:13 2020     0.0   16.5    0.0  128.5  0.0  0.0    0.0    0.5   0   0 c8t50060E8016062E04d0s2
Fri Apr 17 16:51:15 2020     0.0   16.5    0.0  121.8  0.0  0.0    0.0    0.3   0   0 c7t50060E8016062E15d0s2
Fri Apr 17 16:51:15 2020     0.0   20.0    0.0  147.0  0.0  0.0    0.0    0.3   0   0 c8t50060E8016062E04d0s2
Fri Apr 17 16:51:17 2020     0.0   14.5    0.0  114.0  0.0  0.0    0.0    0.3   0   0 c7t50060E8016062E15d0s2
Fri Apr 17 16:51:17 2020     0.0   14.0    0.0  112.0  0.0  0.0    0.0    0.3   0   0 c8t50060E8016062E04d0s2
Fri Apr 17 16:51:19 2020     0.0    8.5    0.0   61.2  0.0  0.0    0.0    0.2   0   0 c7t50060E8016062E15d0s2
Fri Apr 17 16:51:19 2020     0.0   11.0    0.0   80.7  0.0  0.0    0.0    0.2   0   0 c8t50060E8016062E04d0s2
Fri Apr 17 16:51:21 2020     0.0    8.0    0.0   53.0  0.0  0.0    0.0    0.3   0   0 c7t50060E8016062E15d0s2
Fri Apr 17 16:51:21 2020     0.0    9.0    0.0   63.3  0.0  0.0    0.0    0.3   0   0 c8t50060E8016062E04d0s2
Fri Apr 17 16:51:23 2020     0.0    5.0    0.0   40.0  0.0  0.0    0.0    0.2   0   0 c7t50060E8016062E15d0s2
Fri Apr 17 16:51:23 2020     0.0    4.0    0.0   32.0  0.0  0.0    0.0    0.3   0   0 c8t50060E8016062E04d0s2
Fri Apr 17 16:51:25 2020     0.0    5.5    0.0   38.0  0.0  0.0    0.0    0.3   0   0 c7t50060E8016062E15d0s2
Fri Apr 17 16:51:25 2020     0.0    5.5    0.0   42.0  0.0  0.0    0.0    0.3   0   0 c8t50060E8016062E04d0s2
Fri Apr 17 16:51:27 2020     0.0    4.5    0.0   36.0  0.0  0.0    0.0    0.4   0   0 c7t50060E8016062E15d0s2
Fri Apr 17 16:51:27 2020     0.0    4.5    0.0   36.0  0.0  0.0    0.0    0.3   0   0 c8t50060E8016062E04d0s2
Fri Apr 17 16:51:29 2020     0.0   64.5    0.0  113.7  0.0  0.0    0.0    0.7   0   1 c7t50060E8016062E15d0s2
Fri Apr 17 16:51:29 2020     0.0   75.5    0.0  155.0  0.0  0.1    0.0    0.7   0   1 c8t50060E8016062E04d0s2
Fri Apr 17 16:51:31 2020     0.0    3.5    0.0   28.0  0.0  0.0    0.0    0.2   0   0 c7t50060E8016062E15d0s2
Fri Apr 17 16:51:31 2020     0.0    3.5    0.0   28.0  0.0  0.0    0.0    0.3   0   0 c8t50060E8016062E04d0s2
Fri Apr 17 16:51:33 2020     0.0    4.0    0.0   28.3  0.0  0.0    0.0    0.2   0   0 c7t50060E8016062E15d0s2
Fri Apr 17 16:51:33 2020     0.0    2.5    0.0   16.3  0.0  0.0    0.0    0.5   0   0 c8t50060E8016062E04d0s2
Fri Apr 17 16:51:35 2020     0.0    1.5    0.0   12.0  0.0  0.0    0.0    0.2   0   0 c7t50060E8016062E15d0s2
Fri Apr 17 16:51:35 2020     0.0    2.0    0.0   16.0  0.0  0.0    0.0    0.3   0   0 c8t50060E8016062E04d0s2
Fri Apr 17 16:51:37 2020     0.0    2.0    0.0   12.3  0.0  0.0    0.0    0.2   0   0 c7t50060E8016062E15d0s2
Fri Apr 17 16:51:37 2020     0.0    2.0    0.0   16.0  0.0  0.0    0.0    0.3   0   0 c8t50060E8016062E04d0s2
Fri Apr 17 16:51:39 2020     0.0    3.0    0.0   20.2  0.0  0.0    0.0    0.2   0   0 c7t50060E8016062E15d0s2
Fri Apr 17 16:51:39 2020     0.0    3.5    0.0   17.0  0.0  0.0    0.0    0.4   0   0 c8t50060E8016062E04d0s2
Fri Apr 17 16:51:41 2020     0.0    2.0    0.0   16.0  0.0  0.0    0.0    0.3   0   0 c7t50060E8016062E15d0s2
Fri Apr 17 16:51:41 2020     0.0    1.0    0.0    8.0  0.0  0.0    0.0    0.2   0   0 c8t50060E8016062E04d0s2
Fri Apr 17 16:51:43 2020     0.0    2.0    0.0   16.0  0.0  0.0    0.0    0.2   0   0 c7t50060E8016062E15d0s2
Fri Apr 17 16:51:43 2020     0.0    3.0    0.0   24.0  0.0  0.0    0.0    0.3   0   0 c8t50060E8016062E04d0s2
Fri Apr 17 16:51:45 2020     0.0    2.5    0.0   20.0  0.0  0.0    0.0    1.1   0   0 c7t50060E8016062E15d0s2
Fri Apr 17 16:51:45 2020     0.0    1.5    0.0   12.0  0.0  0.0    0.0    0.2   0   0 c8t50060E8016062E04d0s2
Fri Apr 17 16:51:47 2020     0.0    1.5    0.0   12.0  0.0  0.0    0.0    0.2   0   0 c7t50060E8016062E15d0s2
Fri Apr 17 16:51:47 2020     0.0    2.0    0.0   16.0  0.0  0.0    0.0    0.2   0   0 c8t50060E8016062E04d0s2
Fri Apr 17 16:51:49 2020     0.0    3.0    0.0   24.0  0.0  0.0    0.0    0.2   0   0 c7t50060E8016062E15d0s2
Fri Apr 17 18:20:37 2020   333.0  249.0 1066.5  812.0  0.0  0.4    0.0    0.8   0  25 c8t50060E8016062E04d0s2
Fri Apr 17 18:20:39 2020   503.5  352.0 1638.0 1035.7  0.0  0.8    0.0    0.9   0  41 c7t50060E8016062E15d0s2
Fri Apr 17 18:20:39 2020   511.0  356.5 1603.5 1026.7  0.0  0.8    0.0    0.9   0  41 c8t50060E8016062E04d0s2
Fri Apr 17 18:20:41 2020   639.5  387.0 2002.0 1189.5  0.0  0.8    0.0    0.8   0  43 c7t50060E8016062E15d0s2
Fri Apr 17 18:20:41 2020   634.0  409.5 2069.5 1228.0  0.0  0.8    0.0    0.8   0  43 c8t50060E8016062E04d0s2
Fri Apr 17 18:20:43 2020   477.0  296.5 1622.5  829.8  0.0  0.6    0.0    0.8   0  33 c7t50060E8016062E15d0s2
Fri Apr 17 18:20:43 2020   477.5  304.5 1653.5  914.3  0.0  0.6    0.0    0.8   0  35 c8t50060E8016062E04d0s2
Fri Apr 17 18:20:45 2020   472.5  341.0 1589.5 1116.0  0.0  0.6    0.0    0.7   0  32 c7t50060E8016062E15d0s2
Fri Apr 17 18:20:45 2020   471.0  319.0 1546.0 1013.7  0.0  0.6    0.0    0.8   0  33 c8t50060E8016062E04d0s2
Fri Apr 17 18:20:47 2020   491.5  299.5 1631.0  905.7  0.0  0.6    0.0    0.8   0  34 c7t50060E8016062E15d0s2
Fri Apr 17 18:20:47 2020   509.5  295.5 1651.0  796.7  0.0  0.7    0.0    0.8   0  36 c8t50060E8016062E04d0s2
Fri Apr 17 18:20:49 2020   476.0  324.0 1857.5  983.0  0.0  0.7    0.0    0.9   0  36 c7t50060E8016062E15d0s2
Fri Apr 17 18:20:49 2020   458.5  298.0 1773.5  879.0  0.0  0.7    0.0    1.0   0  37 c8t50060E8016062E04d0s2
Fri Apr 17 18:20:51 2020   504.0  362.5 1683.0 1147.0  0.0  0.6    0.0    0.7   0  34 c7t50060E8016062E15d0s2
Fri Apr 17 18:20:51 2020   466.0  370.0 1549.5 1192.8  0.0  0.6    0.0    0.7   0  34 c8t50060E8016062E04d0s2
Fri Apr 17 18:20:53 2020   439.0  347.5 1519.0 1041.5  0.0  0.6    0.0    0.8   0  33 c7t50060E8016062E15d0s2
Fri Apr 17 18:20:53 2020   427.5  360.0 1512.5 1127.8  0.0  0.6    0.0    0.8   0  35 c8t50060E8016062E04d0s2
Fri Apr 17 18:20:55 2020   515.0  336.5 1915.0 1017.0  0.0  0.7    0.0    0.8   0  37 c7t50060E8016062E15d0s2
Fri Apr 17 18:20:55 2020   489.0  331.5 1805.5  984.7  0.0  0.7    0.0    0.8   0  37 c8t50060E8016062E04d0s2
Fri Apr 17 18:20:57 2020   592.5  328.0 2024.5  919.5  0.0  0.7    0.0    0.8   0  37 c7t50060E8016062E15d0s2
Fri Apr 17 18:20:57 2020   574.5  267.5 2019.0  789.3  0.0  0.8    0.0    0.9   0  37 c8t50060E8016062E04d0s2
Fri Apr 17 18:20:59 2020   451.5  319.0 1609.5 1035.5  0.0  0.6    0.0    0.8   0  31 c7t50060E8016062E15d0s2
Fri Apr 17 18:20:59 2020   421.5  333.0 1548.0 1099.0  0.0  0.6    0.0    0.8   0  29 c8t50060E8016062E04d0s2
Fri Apr 17 18:21:01 2020   525.8  388.8 1660.3 1216.0  0.1  0.7    0.1    0.7   1  34 c7t50060E8016062E15d0s2
Fri Apr 17 18:21:01 2020   475.8  404.3 1526.9 1260.7  0.1  0.7    0.1    0.8   1  34 c8t50060E8016062E04d0s2
Fri Apr 17 18:21:03 2020   456.7  343.6 1545.7  926.6  0.0  0.6    0.0    0.7   0  31 c7t50060E8016062E15d0s2
Fri Apr 17 18:21:03 2020   450.2  295.6 1540.7  778.6  0.0  0.6    0.0    0.8   0  32 c8t50060E8016062E04d0s2
Fri Apr 17 18:21:05 2020   434.5  276.5 1380.5  805.7  0.0  0.6    0.0    0.8   0  32 c7t50060E8016062E15d0s2
Fri Apr 17 18:21:05 2020   438.0  271.5 1411.0  805.0  0.0  0.6    0.0    0.8   0  32 c8t50060E8016062E04d0s2
Fri Apr 17 18:21:07 2020   425.5  253.0 1469.5  768.5  0.0  0.6    0.0    0.9   0  33 c7t50060E8016062E15d0s2
Fri Apr 17 18:21:07 2020   473.0  271.0 1561.5  829.7  0.0  0.6    0.0    0.8   0  31 c8t50060E8016062E04d0s2
Fri Apr 17 18:21:09 2020   469.5  282.0 1683.0  852.3  0.0  0.7    0.0    0.9   0  36 c7t50060E8016062E15d0s2
Fri Apr 17 18:21:09 2020   451.0  284.5 1604.5  864.8  0.0  0.7    0.0    0.9   0  35 c8t50060E8016062E04d0s2
Fri Apr 17 18:21:11 2020   530.0  308.0 1799.5  905.7  0.0  0.7    0.0    0.8   0  35 c7t50060E8016062E15d0s2
Fri Apr 17 18:21:11 2020   552.0  326.5 1882.0  966.7  0.0  0.7    0.0    0.7   0  34 c8t50060E8016062E04d0s2
Fri Apr 17 18:21:13 2020   546.5  342.5 1937.0  991.8  0.0  0.7    0.0    0.8   0  38 c7t50060E8016062E15d0s2
Fri Apr 17 18:21:13 2020   574.5  349.0 1943.0 1066.5  0.0  0.7    0.0    0.7   0  35 c8t50060E8016062E04d0s2
Fri Apr 17 18:21:15 2020   593.5  399.5 2131.0 1290.7  0.0  0.7    0.0    0.7   0  37 c7t50060E8016062E15d0s2
Fri Apr 17 18:21:15 2020   613.5  391.5 2196.5 1229.7  0.0  0.7    0.0    0.7   0  39 c8t50060E8016062E04d0s2
Fri Apr 17 18:21:17 2020   558.5  337.5 1656.5 1025.3  0.0  0.6    0.0    0.7   0  35 c7t50060E8016062E15d0s2
Fri Apr 17 18:21:17 2020   509.5  324.5 1561.0  979.0  0.0  0.7    0.0    0.8   0  37 c8t50060E8016062E04d0s2
Fri Apr 17 18:21:19 2020   562.0  324.5 1914.0  911.7  0.0  0.7    0.0    0.7   0  37 c7t50060E8016062E15d0s2
Fri Apr 17 18:21:19 2020   542.5  320.0 1894.5  903.5  0.0  0.7    0.0    0.9   0  40 c8t50060E8016062E04d0s2
Fri Apr 17 18:21:21 2020   635.5  314.5 1938.5  983.3  0.0  0.7    0.0    0.8   0  41 c7t50060E8016062E15d0s2
Fri Apr 17 18:21:21 2020   584.5  316.0 1871.5  956.5  0.0  0.8    0.0    0.8   0  43 c8t50060E8016062E04d0s2
Fri Apr 17 18:21:23 2020   564.0  357.0 1800.5 1052.2  0.0  0.7    0.0    0.7   0  35 c7t50060E8016062E15d0s2
Fri Apr 17 18:21:23 2020   545.5  319.0 1764.5  971.7  0.0  0.7    0.0    0.8   0  36 c8t50060E8016062E04d0s2
Fri Apr 17 18:21:25 2020   539.0  365.5 1886.0 1060.5  0.0  0.7    0.0    0.8   0  34 c7t50060E8016062E15d0s2
Fri Apr 17 18:21:25 2020   565.5  375.5 2012.0 1064.5  0.0  0.7    0.0    0.7   0  33 c8t50060E8016062E04d0s2
Fri Apr 17 18:21:27 2020   614.5  328.0 2081.5  918.0  0.0  0.8    0.0    0.9   0  42 c7t50060E8016062E15d0s2
Fri Apr 17 18:21:27 2020   644.5  368.5 2166.0 1031.5  0.0  0.7    0.0    0.7   0  38 c8t50060E8016062E04d0s2
Fri Apr 17 18:21:29 2020   442.0  338.0 1609.5 1140.2  0.0  0.5    0.0    0.7   0  29 c7t50060E8016062E15d0s2
Fri Apr 17 18:21:29 2020   434.0  363.0 1552.0 1177.2  0.0  0.5    0.0    0.7   0  27 c8t50060E8016062E04d0s2
Fri Apr 17 18:21:31 2020   560.5  420.5 1876.5 1468.7  0.1  0.8    0.1    0.8   1  39 c7t50060E8016062E15d0s2
Fri Apr 17 18:21:31 2020   584.0  448.0 1929.0 1535.0  0.1  0.8    0.1    0.8   1  37 c8t50060E8016062E04d0s2
Fri Apr 17 18:21:33 2020   447.5  316.0 1382.0  937.3  0.0  0.6    0.0    0.7   0  34 c7t50060E8016062E15d0s2
Fri Apr 17 18:21:33 2020   444.0  296.5 1350.5  853.0  0.0  0.6    0.0    0.8   0  33 c8t50060E8016062E04d0s2
Fri Apr 17 18:21:35 2020   582.5  325.0 1895.0  899.0  0.0  0.6    0.0    0.7   0  34 c7t50060E8016062E15d0s2
Fri Apr 17 18:21:35 2020   544.0  312.5 1799.0  923.2  0.0  0.7    0.0    0.8   0  36 c8t50060E8016062E04d0s2
Fri Apr 17 18:21:37 2020   567.0  348.5 1921.5 1041.5  0.0  0.6    0.0    0.7   0  32 c7t50060E8016062E15d0s2
Fri Apr 17 18:21:37 2020   546.5  311.5 1796.0  920.8  0.0  0.7    0.0    0.8   0  35 c8t50060E8016062E04d0s2
Fri Apr 17 18:21:39 2020   522.0  369.0 1713.0 1037.2  0.0  0.7    0.0    0.8   0  39 c7t50060E8016062E15d0s2
Fri Apr 17 18:21:39 2020   510.0  312.5 1748.5  869.0  0.0  0.7    0.0    0.9   0  41 c8t50060E8016062E04d0s2
Fri Apr 17 18:21:41 2020   545.0  363.5 1847.0 1045.3  0.0  0.6    0.0    0.7   0  34 c7t50060E8016062E15d0s2
Fri Apr 17 18:21:41 2020   510.0  337.0 1742.5  937.3  0.0  0.7    0.0    0.8   0  34 c8t50060E8016062E04d0s2
Fri Apr 17 18:21:43 2020   557.5  351.5 1960.5 1003.2  0.0  0.6    0.0    0.7   0  35 c7t50060E8016062E15d0s2
Fri Apr 17 18:21:43 2020   559.0  323.0 1913.5  891.2  0.0  0.6    0.0    0.7   0  36 c8t50060E8016062E04d0s2
Fri Apr 17 18:21:45 2020   624.0  452.0 2095.0 1381.5  0.0  0.7    0.0    0.6   0  36 c7t50060E8016062E15d0s2
Fri Apr 17 18:21:45 2020   587.5  449.5 2004.0 1356.5  0.0  0.7    0.0    0.7   0  39 c8t50060E8016062E04d0s2
Fri Apr 17 18:21:47 2020   594.0  341.5 1830.0 1026.0  0.0  0.6    0.0    0.7   0  35 c7t50060E8016062E15d0s2
Fri Apr 17 18:21:47 2020   568.0  331.0 1787.0  975.2  0.0  0.7    0.0    0.7   0  38 c8t50060E8016062E04d0s2
Fri Apr 17 18:21:49 2020   561.5  401.0 1555.0 1108.8  0.0  0.6    0.0    0.6   0  34 c7t50060E8016062E15d0s2
Fri Apr 17 18:21:49 2020   543.5  355.0 1542.5  985.8  0.0  0.6    0.0    0.7   0  36 c8t50060E8016062E04d0s2
Fri Apr 17 18:21:51 2020   562.5  406.0 1952.0 1289.5  0.0  0.7    0.0    0.7   0  37 c7t50060E8016062E15d0s2
Fri Apr 17 18:21:51 2020   550.5  382.5 1864.5 1204.7  0.0  0.7    0.0    0.8   0  38 c8t50060E8016062E04d0s2
Fri Apr 17 18:21:53 2020   565.0  440.5 1998.5 1373.8  0.0  0.7    0.0    0.7   0  35 c7t50060E8016062E15d0s2
Fri Apr 17 18:21:53 2020   541.5  394.5 1911.5 1254.5  0.0  0.7    0.0    0.8   0  37 c8t50060E8016062E04d0s2
Fri Apr 17 18:21:55 2020   522.5  411.0 1806.5 1235.5  0.0  0.6    0.0    0.6   0  32 c7t50060E8016062E15d0s2
Fri Apr 17 18:21:55 2020   489.5  353.0 1667.5 1144.0  0.0  0.6    0.0    0.7   0  33 c8t50060E8016062E04d0s2
Fri Apr 17 18:21:57 2020   581.0  371.5 2002.5 1062.7  0.0  0.7    0.0    0.7   0  37 c7t50060E8016062E15d0s2
Fri Apr 17 18:21:57 2020   581.5  334.0 1943.5  998.5  0.0  0.7    0.0    0.8   0  38 c8t50060E8016062E04d0s2
Fri Apr 17 18:21:59 2020   544.0  344.5 1652.5 1147.2  0.0  0.6    0.0    0.7   0  34 c7t50060E8016062E15d0s2
Fri Apr 17 18:21:59 2020   522.5  351.5 1641.0 1152.0  0.0  0.6    0.0    0.7   0  36 c8t50060E8016062E04d0s2
Fri Apr 17 18:22:01 2020   464.0  425.0 1611.5 1424.7  0.2  0.7    0.2    0.8   1  31 c7t50060E8016062E15d0s2
Fri Apr 17 18:22:01 2020   449.5  428.5 1577.0 1518.5  0.1  0.7    0.1    0.8   1  31 c8t50060E8016062E04d0s2
Fri Apr 17 18:22:03 2020   451.0  305.5 1612.1  871.8  0.0  0.6    0.0    0.8   0  31 c7t50060E8016062E15d0s2
Fri Apr 17 18:22:03 2020   492.5  287.0 1727.1  836.8  0.0  0.6    0.0    0.8   0  33 c8t50060E8016062E04d0s2
Fri Apr 17 18:22:05 2020   438.0  301.5 1647.5  870.0  0.0  0.6    0.0    0.8   0  32 c7t50060E8016062E15d0s2
Fri Apr 17 18:22:05 2020   469.5  306.0 1730.0  851.7  0.0  0.6    0.0    0.7   0  29 c8t50060E8016062E04d0s2
Fri Apr 17 18:22:07 2020   439.0  304.0 1526.5 1001.2  0.0  0.6    0.0    0.7   0  30 c7t50060E8016062E15d0s2
Fri Apr 17 18:22:07 2020   434.0  294.0 1593.4  829.5  0.0  0.6    0.0    0.8   0  30 c8t50060E8016062E04d0s2
Fri Apr 17 18:22:09 2020   532.5  340.0 1901.6  986.8  0.0  0.7    0.0    0.9   0  41 c7t50060E8016062E15d0s2
Fri Apr 17 18:22:09 2020   574.0  330.5 1946.6  991.5  0.0  0.7    0.0    0.8   0  42 c8t50060E8016062E04d0s2
Fri Apr 17 18:22:11 2020   530.0  365.5 1814.0 1039.0  0.0  0.7    0.0    0.8   0  37 c7t50060E8016062E15d0s2
Fri Apr 17 18:22:11 2020   526.0  410.5 1749.5 1231.3  0.0  0.7    0.0    0.7   0  35 c8t50060E8016062E04d0s2
Fri Apr 17 18:22:13 2020   596.5  364.5 2056.5 1099.5  0.0  0.7    0.0    0.7   0  38 c7t50060E8016062E15d0s2
Fri Apr 17 18:22:13 2020   605.5  364.5 2070.0 1107.0  0.0  0.6    0.0    0.7   0  35 c8t50060E8016062E04d0s2
Fri Apr 17 18:22:15 2020   597.0  315.0 2035.0  997.2  0.0  0.8    0.0    0.8   0  36 c7t50060E8016062E15d0s2
Fri Apr 17 18:22:15 2020   549.5  330.5 1882.5 1032.2  0.0  0.8    0.0    0.9   0  36 c8t50060E8016062E04d0s2
Fri Apr 17 18:22:17 2020   545.5  344.5 1925.0 1033.5  0.0  0.7    0.0    0.8   0  35 c7t50060E8016062E15d0s2
Fri Apr 17 18:22:17 2020   546.0  325.0 1924.0 1045.0  0.0  0.7    0.0    0.8   0  36 c8t50060E8016062E04d0s2
Fri Apr 17 18:22:19 2020   442.0  292.0 1612.5  853.2  0.0  0.6    0.0    0.8   0  30 c7t50060E8016062E15d0s2
Fri Apr 17 18:22:19 2020   453.0  268.0 1609.5  802.0  0.0  0.6    0.0    0.9   0  33 c8t50060E8016062E04d0s2
Fri Apr 17 18:22:21 2020   554.0  341.5 1850.0 1018.3  0.0  0.7    0.0    0.7   0  35 c7t50060E8016062E15d0s2
Fri Apr 17 18:22:21 2020   564.0  355.5 1875.5 1036.3  0.0  0.7    0.0    0.7   0  36 c8t50060E8016062E04d0s2
Fri Apr 17 18:22:23 2020   502.0  346.0 1694.5 1140.5  0.0  0.6    0.0    0.7   0  32 c7t50060E8016062E15d0s2
Fri Apr 17 18:22:23 2020   497.0  331.5 1697.5 1048.0  0.0  0.6    0.0    0.8   0  34 c8t50060E8016062E04d0s2
Fri Apr 17 18:22:25 2020   525.5  346.5 1781.5  966.2  0.0  0.6    0.0    0.7   0  35 c7t50060E8016062E15d0s2
Fri Apr 17 18:22:25 2020   509.5  351.0 1774.5 1014.7  0.0  0.7    0.0    0.8   0  37 c8t50060E8016062E04d0s2
Fri Apr 17 18:22:27 2020   529.5  297.0 1812.0  833.0  0.0  0.6    0.0    0.8   0  35 c7t50060E8016062E15d0s2
Fri Apr 17 18:22:27 2020   539.0  290.0 1927.0  785.5  0.0  0.7    0.0    0.8   0  35 c8t50060E8016062E04d0s2
Fri Apr 17 18:22:29 2020   559.0  409.5 2017.5 1222.8  0.0  0.6    0.0    0.7   0  32 c7t50060E8016062E15d0s2
Fri Apr 17 18:22:29 2020   528.5  427.5 1961.5 1452.8  0.0  0.6    0.0    0.7   0  34 c8t50060E8016062E04d0s2
Fri Apr 17 18:22:31 2020   516.0  439.0 1785.6 1311.5  0.1  0.7    0.1    0.8   1  34 c7t50060E8016062E15d0s2
Fri Apr 17 18:22:31 2020   495.0  422.0 1809.6 1435.0  0.1  0.8    0.1    0.8   1  36 c8t50060E8016062E04d0s2
Fri Apr 17 18:22:33 2020   508.0  342.0 1745.0  904.5  0.0  0.6    0.0    0.7   0  33 c7t50060E8016062E15d0s2
Fri Apr 17 18:22:33 2020   501.0  309.5 1750.5  895.5  0.0  0.6    0.0    0.8   0  34 c8t50060E8016062E04d0s2
Fri Apr 17 18:22:35 2020   552.0  306.0 1772.4  895.5  0.0  0.6    0.0    0.7   0  33 c7t50060E8016062E15d0s2
Fri Apr 17 18:22:35 2020   539.0  301.5 1760.9  837.0  0.0  0.6    0.0    0.8   0  34 c8t50060E8016062E04d0s2
Fri Apr 17 18:22:37 2020   684.5  373.5 2237.0 1064.3  0.0  0.7    0.0    0.7   0  39 c7t50060E8016062E15d0s2
Fri Apr 17 18:22:37 2020   620.0  328.5 2076.0  952.3  0.0  0.7    0.0    0.8   0  40 c8t50060E8016062E04d0s2
Fri Apr 17 18:22:39 2020   542.0  350.0 1855.0 1010.0  0.0  0.8    0.0    0.9   0  41 c7t50060E8016062E15d0s2
Fri Apr 17 18:22:39 2020   522.5  310.5 1838.0  890.0  0.0  0.9    0.0    1.1   0  43 c8t50060E8016062E04d0s2
Fri Apr 17 18:22:41 2020   539.0  396.5 2007.5 1145.8  0.0  0.7    0.0    0.7   0  35 c7t50060E8016062E15d0s2
Fri Apr 17 18:22:41 2020   554.0  371.5 2049.5 1112.5  0.0  0.7    0.0    0.7   0  35 c8t50060E8016062E04d0s2
Fri Apr 17 18:22:43 2020   493.5  301.5 1477.0  964.0  0.0  0.5    0.0    0.7   0  30 c7t50060E8016062E15d0s2
Fri Apr 17 18:22:43 2020   484.0  310.5 1415.5  918.5  0.0  0.5    0.0    0.7   0  30 c8t50060E8016062E04d0s2
Fri Apr 17 18:22:45 2020   400.5  294.5 1322.5  965.2  0.0  0.9    0.0    1.4   0  30 c7t50060E8016062E15d0s2
Fri Apr 17 18:22:45 2020   393.0  323.5 1307.0 1068.7  0.0  0.5    0.0    0.7   0  25 c8t50060E8016062E04d0s2
Fri Apr 17 18:22:47 2020   549.0  353.5 1681.0 1031.0  0.0  0.7    0.0    0.8   0  35 c7t50060E8016062E15d0s2
Fri Apr 17 18:22:47 2020   537.5  356.0 1691.0 1026.7  0.0  0.6    0.0    0.7   0  33 c8t50060E8016062E04d0s2
Fri Apr 17 18:22:49 2020   556.0  314.5 1883.0  932.8  0.0  0.8    0.0    0.9   0  40 c7t50060E8016062E15d0s2
Fri Apr 17 18:22:49 2020   575.5  346.5 1914.0 1009.0  0.0  0.7    0.0    0.8   0  39 c8t50060E8016062E04d0s2
Fri Apr 17 18:22:51 2020   587.5  412.0 1857.0 1188.7  0.0  0.6    0.0    0.6   0  38 c7t50060E8016062E15d0s2
Fri Apr 17 18:22:51 2020   596.5  426.5 1786.0 1269.7  0.0  0.7    0.0    0.6   0  38 c8t50060E8016062E15d0s2
Fri Apr 17 20:23:21 2020    14.5   23.5   54.5  211.5  0.0  0.0    0.0    0.2   0   1 c8t50060E8016062E04d0s2
Fri Apr 17 20:23:23 2020    10.5   17.5   34.0  137.5  0.0  0.0    0.0    0.3   0   1 c7t50060E8016062E15d0s2
Fri Apr 17 20:23:23 2020    10.5   24.0   39.0  122.5  0.0  0.0    0.0    0.2   0   1 c8t50060E801606